1001100000010110
1010000010110100
1010011001110011
1010000010110100
1001100000010110
1001101011110110
1010001011011100
1010011001110011
1010111100010001
1011000111110000
1010100101010010
1010011001110011
1010111100010001
1011000111110000
1010111000110101
1011001000111010
1011000100111001
1011010011010000
1011101010001111
1011101010001111
1011011110101111
1011101010001111
1100000001001101
1100000001001101
1011110101101110
1011111110010101
1100001100101101
1100101111001011
1100111010101010
1100011000001100
1100001100101101
1100101111001011
1100111010101010
1100010011100110
1100001100101101
1100110111110010
1101000110001001
1101011000100010
1101010110001111
1101011000100010
1101110100000111
1101101010111010
1101011111011011
1101110001001111
1101111111100110
1110100010000100
1110101101100011
1110001011000101
1101111111100110
1110100010000100
1110101101100011
1110100101100001
1110110011010011
1110111001000011
1110100111110100
1110101010101100
1111010100101000
1111110010100000
1111101001010011
1111011001001110
1111110100110011
1111100101110111
1111001101101110
1111010110111011
1111100100001000
1111110010100000
1111111101111111
1111101100110000
1111111101111111
0000010111010001
0000100111010110
0000010011110100
0000011101100101
0001011111101001
0001011111101001
0000111100000010
0001000010111011
0001010111000010
0001100101011001
0010000111110111
0010010011010111
0001110000111000
0001100101011001
0010000111110111
0010010011010111
0010001011010100
0010011001000110
0010011110110110
0010001101100111
0010010000011111
0010111010011011
0011011000010011
0011001111000110
0010111111000001
0011011010100110
0011001011101010
0010110011100010
0010111100101110
0011001001111011
0011101010101011
0011111010110001
0011101111010001
0011101111010001
0100000011011000
0100010001101111
0100110100001101
0100111111101101
0100011101001111
0100010001101111
0100110100001101
0100111111101101
0100110000110001
0101000000110110
0100111100110101
0101001011001100
0101100010001011
0101100010001011
0101010110101100
0101100010001011
0101111001001010
0101111001001010
0101101101101010
0101110110010010
0110010111000001
0110111001100000
0110111001100000
0110110100111001
0110101011101101
0110011001010101
0110011011101000
0110100010100001
0110100111000111
0110101111101110
0110111111000011
0110111111000011
0101100111101000
0100010000001101
1100000011101101
1001011101100110
1001010100110111
1001010100110111
1001100000010110
1010000010110100
1010001110010100
1001101011110110
1001011110000011
1001100110000110
1001101011110110
1001001001011000
1000111101111000
1001011001011101
1001101011110110
1010001011011100
1010010111100000
1010110000110010
1011001101100000
1010111100010001
1010011001110011
1010100101010010
1011000100111001
1100000110111101
1100000110111101
1011100011010101
1011101010001111
1011111110010101
1101000000011010
1101000000011010
1100011100110010
1100100011101011
1100110111110010
1101011000100010
1101101000100111
1101011101001000
1101011101001000
1101110001001111
1110010001111111
1110110100011101
1110110100011101
1110101111110111
1110100110101010
1110010100010010
1110010110100101
1110011101011110
1110100010000100
1110101010101100
1111001011011011
1111101101111001
1111101101111001
1111101001010011
1111100000000111
1111001101101110
1111010000000010
1111010110111011
1111011011100001
1111100100001000
0000000100111000
0000010100111110
0000001001011110
0000001001011110
0000011101100101
0000101001101001
0001000010111011
0001011111101001
0001001110011010
0000101011111100
0000110111011100
0001010111000010
0001100101011001
0001110111110010
0001110101011111
0001110111110010
0010010011010111
0010001010001010
0001111110101011
0010010000011111
0010101101001101
0011001001111011
0011011000010011
0011111010110001
0100000110010000
0011100011110010
0011011000010011
0011111010110001
0100000110010000
0011011111001100
0011011000010011
0100000011011000
0100010001101111
0100110100001101
0100111111101101
0100011101001111
0100010001101111
0100110100001101
0100111111101101
0100110111101010
0101000101011100
0101001011001100
0100111001111101
0100111100110101
0101001000111001
0101100010001011
0101111110111001
0101101101101010
0101001011001100
0101010110101100
0101110110010010
0110111000010110
0110111000010110
0110010100101110
0110011011101000
0110101111101110
0110111111000011
0110111111000011
0101100111101000
0100010000001101
1100000011101101
1001011101100110
1001010100110111
1001010100110111
1001110010101111
1010010101001101
1010010101001101
1010010000100111
1010000111011010
1001110101000010
1001110111010101
1001111110001110
1010000010110100
1010001011011100
1010110101011000
1011010011010000
1011001010000100
1010111001111110
1011010101100011
1011000110100111
1010101110011111
1010110111101011
1011000100111001
1011010000111101
1011101010001111
1100000110111101
1011110101101110
1011010011010000
1011011110101111
1011111110010101
1100011111000101
1100101111001011
1100100011101011
1100100011101011
1100110111110010
1101000110001001
1101011101001000
1101011101001000
1101010001101001
1101011101001000
1101110100000111
1101110100000111
1101101000100111
1101110001001111
1101111111100110
1110010001111111
1110001110110001
1110000011010001
1110001110110001
1110100010000100
1110011101111011
1110010010011100
1110011101111011
1110110010001010
1110101101100011
1110100010000100
1110101010101100
1110111001000011
1111011011100001
1111100111000000
1111000100100010
1110111001000011
1111011011100001
1111100111000000
1111011110111110
1111101100110000
1111110010100000
1111100001010001
1111100100001000
1111110010100000
0000001001011110
0000001001011110
1111111101111111
0000001001011110
0000100000011101
0000100000011101
0000010100111110
0000011101100101
0000101011111100
0001000010111011
0001000010111011
0000110111011100
0001000010111011
0001011001111010
0001011001111010
0001001110011010
0001010111000010
0001110011110000
0010010000011111
0010111010011011
0011011000010011
0011001111000110
0010111111000001
0011011010100110
0011001011101010
0010110011100010
0010111100101110
0011001001111011
0100000110010000
0100000000100000
0011011000010011
0011001100110011
0011011000010011
0011111010110001
0100000110010000
0011111110001101
0011111010110001
0100000011011000
0100010001101111
0100110100001101
0100111111101101
0100011101001111
0100010001101111
0100110100001101
0100111111101101
0100110000110001
0101000000110110
0100111100110101
0101001011001100
0101011101100101
0101011010010111
0101001110110111
0101011010010111
0101101101101010
0101101001100001
0101011110000010
0101101001100001
0101111101110000
0101111001001010
0101101101101010
0101110110010010
0110000100101001
0110100111000111
0110110010100110
0110010000001000
0110000100101001
0110100111000111
0110110010100110
0110101010100100
0110111000010110
0110111110000110
0110101100110111
0110101111101110
0111010000011110
0111110010111100
0111110010111100
0111101110010110
0111100101001010
0111010010110001
0111010101000100
0111011011111110
0111100000100100
0111101001001011
0111111000100000
0111111000100000
0110011011010101
0100111110001011
1100001111001100
1001011110001011
1001010100110111
1001010100110111
0101010101010101
0101010101010101
0101010101010101
0101010101010101
0101010101010101
0101010101010101
0101010101010101
0101010101010101
0101010101010101
0101010101010101
0101010101010101
0101010101010101
0101010101010101
0101010101010101
0101010101010101
0101010101010101
0101010101010101
0101010101010101
0101010101010101
0101010101010101
0101010101010101
0101010101010101
0101010101010101
0101010101010101
0101010101010101
0101010101010101
0101010101010101
0101010101010101
0101010101010101
0101010101010101
0101010101010101
0101010101010101
0101010101010101
0101010101010101
0101010101010101
0101010101010101
0101010101010101
0101010101010101
0101010101010101
0101010101010101
0101010101010101
0101010101010101
0101010101010101
0101010101010101
0101010101010101
0101010101010101
0101010101010101
0101010101010101
0101010101010101
0101010101010101
0101010101010101
0101010101010101
0101010101010101
0101010101010101
0101010101010101
0101010101010101
0101010101010101
0101010101010101
0101010101010101
0101010101010101
0101010101010101
0101010101010101
0101010101010101
0101010101010101
0101010101010101
0101010101010101
0101010101010101
0101010101010101
0101010101010101
0101010101010101
0101010101010101
0101010101010101
0101010101010101
0101010101010101
0101010101010101
0101010101010101
0101010101010101
0101010101010101
0101010101010101
0101010101010101
0101010101010101
0101010101010101
0101010101010101
0101010101010101
0101010101010101
0101010101010101
0101010101010101
0101010101010101
0101010101010101
0101010101010101
0101010101010101
0101010101010101
0101010101010101
0101010101010101
0101010101010101
0101010101010101