0101110110110001
0110100011101001
0110100011101001
0110100011101001
0101110110110001
0101001001111010
0101010101001000
0101110110110001
0110100011101001
0101110110110001
0101001001111010
0101110110110001
0110100011101001
0101111111110000
0110000100001111
0110001101001101
0101010101001000
0101110110110001
0110100011101001
0101110110110001
0101001001111010
0101110110110001
0110100011101001
0101110110110001
0101001001111010
0101010101001000
0101110110110001
0110100011101001
0101110110110001
0101001001111010
0101110110110001
0110100011101001
0101110110110001
0011110000001100
0100011101000011
0101010101001000
0101101101110011
0110011010101010
0110100011101001
0110011010101010
0110011010101010
0101110110110001
0101001001111010
0101010101001000
0101110110110001
0110100011101001
0101110110110001
0101001001111010
0101110110110001
0110100011101001
0101110110110001
0101100000010110
0110001101001101
0110100011101001
0101100000010110
0101010101001000
0110001000101110
0111111101010111
0111011001011110
0111010000100000
0111010000100000
0111000011000011
0101011011110111
0101001001111010
0101010101001000
0101110110110001
0110100011101001
0101100000010110
0101001001111010
0101100100110101
0110100011101001
0101010111010111
0101010101001000
0110111010000100
0111111101010111
0101110110110001
0101001001111010
0101010101001000
0101110110110001
0110100011101001
0101110110110001
0101001001111010
0101110110110001
0110100011101001
0101110110110001
0101100000010110
0110001101001101
0110100011101001
0101100000010110
0101010101001000
0110001000101110
0111111101010111
0111011001011110
0111010000100000
0111010000100000
0111000011000011
0101011011110111
0101001001111010
0101010101001000
0101110110110001
0110100011101001
0101110110110001
0101001001111010
0101010101001000
0101110110110001
0110100011101001
0101110110110001
0101001001111010
0101110110110001
0110100011101001
0101111111110000
0110000100001111
0110001101001101
0101010101001000
0101110110110001
0110100011101001
0101110110110001
0101001001111010
0101110110110001
0110100011101001
0101110110110001
0101001001111010
0101010101001000
0101110110110001
0110100011101001
0110100011101001
0101111111110000
0101011011110111
0101001001111010
0101010010111000
0101001001111010
0101001001111010
0101010101001000
0101001001111010
0100111110101100
0100111110101100
0100111110101100
0100111110101100
0100110011011110
0010010110011101
1111111001011011
0000001111110111
0000111100101110
0000001111110111
1111100011000000
0000000110111001
0000100110010011
0000111100101110
1110110110001000
1110001001010001
1111100011000000
1111100011000000
1111101110001110
0000000110111001
0000001111110111
0000100110010011
0000111100101110
0000001111110111
1111100011000000
1111101110001110
0001010011001010
0010010110011101
0000001111110111
1111100011000000
1111101110001110
0001010011001010
0010010110011101
0000001111110111
1111100011000000
1111101110001110
0000001111110111
0000111100101110
0000001111110111
1111100011000000
1111101110001110
0000001111110111
0000111100101110
0000111100101110
0000011000110101
1111110100111100
1111100011000000
1111101011111110
1111100011000000
1111100011000000
1111101110001110
0000001111110111
0000111100101110
0000111100101110
0000011000110101
1111110100111100
1111100011000000
1111101011111110
1111100011000000
1111100011000000
1111101110001110
0000001111110111
0000111100101110
0000001111110111
1111100011000000
1111101110001110
0000000110111001
0000001111110111
0000100110010011
0000111100101110
0000001111110111
1111100011000000
1111101110001110
0000000110111001
0000110011110000
0000111100101110
0000110011110000
0000110011110000
0000001111110111
1111100011000000
1111101110001110
1111101110001110
1111101110001110
0000001111110111
0000111100101110
0000001111110111
1111100011000000
0000001111110111
0000111100101110
0000001111110111
1110001001010001
1110110110001000
1111101110001110
0000001111110111
0000111100101110
0000001111110111
1111100011000000
0000001111110111
0000111100101110
0000001111110111
1111111001011011
0000100110010011
0000111100101110
1111111001011011
1111101110001110
0000000110111001
0000001111110111
0000100110010011
0000111100101110
0000001111110111
1111100011000000
1111101110001110
0001010011001010
0010010110011101
0000001111110111
1111100011000000
1111101110001110
1111100011000000
1111010111110010
1111010111110010
1111010111110010
1111010111110010
1111001100100100
1100101111100011
1010010010100001
1010101000111101
1011010101110100
1011010101110100
1010110001111011
1010001110000010
1001111100000101
1010000101000100
1001111100000101
1001111100000101
1010000111010011
1010111010111001
1100101111100011
1100001011101010
1100000010101011
1100000010101011
1011110101001110
1010001110000010
1001111100000101
1010000111010011
1010011111111110
1010101000111101
1010111111011000
1011010101110100
1010101000111101
1001111100000101
1010000111010011
1010101000111101
1011010101110100
1010101000111101
1001111100000101
1010000111010011
1010101000111101
1011010101110100
1010101000111101
1001111100000101
1010101000111101
1011010101110100
1010101000111101
1001111100000101
1010000111010011
1010101000111101
1011010101110100
1010101000111101
1001111100000101
1010101000111101
1011010101110100
1010101000111101
1001111100000101
1010101000111101
1011010101110100
1010101000111101
1001111100000101
1010000111010011
1010101000111101
1011010101110100
1010101000111101
1001111100000101
1010101000111101
1011010101110100
1010101000111101
1010010010100001
1010111111011000
1011010101110100
1010010010100001
1010000111010011
1010101000111101
1011010101110100
1010101000111101
1001111100000101
1010101000111101
1011010101110100
1010101000111101
1001111100000101
1010000111010011
1010101000111101
1011010101110100
1010101000111101
1001111100000101
1010101000111101
1011010101110100
1010101000111101
1001111100000101
1010000111010011
1010000111010011
1010000111010011
1010111010111001
1100101111100011
1100001011101010
1100000010101011
1100000010101011
1011110101001110
1010001110000010
1001111100000101
1010000111010011
1100000010101011
1100101111100011
1010101000111101
1001111100000101
1010101000111101
1011010101110100
1010110001111011
1010010010100001
1001111100000101
1010000111010011
1010101000111101
1011010101110100
1010101000111101
1001111100000101
1010101000111101
1011010101110100
1010110001111011
1010110110011010
1010111111011000
1010000111010011
1010101000111101
1011010101110100
1010101000111101
1001111100000101
1010101000111101
1011010101110100
1010101000111101
1001111100000101
1010101000111101
1011010101110100
1010101000111101
1001111100000101
1010000111010011
1010101000111101
1011010101110100
1010101000111101
1001111100000101
1010101000111101
1011010101110100
1010101000111101
1010010010100001
1010111111011000
1011010101110100
1010010010100001
1010000111010011
1010101000111101
1011010101110100
1011010101110100
1010110001111011
1010001110000010
1001111100000101
1010000101000100
1001111100000101
1001111100000101
1010000111010011
1001111100000101
1001110000111000
1001110000111000
1001110000111000
1001110000111000
1001100101101010
1100101111100011
1111111001011011
1010101010101010
1010101010101010
1010101010101010
1010101010101010
1010101010101010
1010101010101010
1010101010101010
1010101010101010
1010101010101010
1010101010101010
1010101010101010
1010101010101010
1010101010101010
1010101010101010
1010101010101010
1010101010101010
1010101010101010
1010101010101010
1010101010101010
1010101010101010
1010101010101010
1010101010101010
1010101010101010
1010101010101010
1010101010101010
1010101010101010
1010101010101010
1010101010101010
1010101010101010
1010101010101010
1010101010101010
1010101010101010
1010101010101010
1010101010101010
1010101010101010
1010101010101010
1010101010101010
1010101010101010
1010101010101010
1010101010101010
1010101010101010
1010101010101010
1010101010101010
1010101010101010
1010101010101010
1010101010101010
1010101010101010
1010101010101010
1010101010101010
1010101010101010
1010101010101010
1010101010101010
1010101010101010
1010101010101010
1010101010101010
1010101010101010
1010101010101010
1010101010101010
1010101010101010
1010101010101010
1010101010101010
1010101010101010
1010101010101010
1010101010101010
1010101010101010
1010101010101010
1010101010101010
1010101010101010
1010101010101010
1010101010101010
1010101010101010
1010101010101010
1010101010101010
1010101010101010
1010101010101010
1010101010101010
1010101010101010
1010101010101010
1010101010101010
1010101010101010
1010101010101010
1010101010101010
1010101010101010
1010101010101010
1010101010101010
1010101010101010
1010101010101010
1010101010101010
1010101010101010
1010101010101010
1010101010101010
1010101010101010
1010101010101010
1010101010101010
1010101010101010
1010101010101010